56901.33, 155885.08, 389.70, -41831.22, -42546.84, 161521.92, -54678.94, -43080.66, 126711.68, -34039.47, 60442.22, -52862.43, 130330.60, 4558.91, 0.000, 0.000, 0.000, 14:55:03.036
104, -158628.38, 8437.47, 156901.33, 155885.08, 389.70, -41831.22, -42546.84, 161521.92, -54633.23, -43073.82, 126724.22, -34022.93, 60451.39, -52858.97, 130346.79, 4538.97, 0.000, 0.000, 0.000, 14:55:03.037
105, -158365.66, 8633.03, 156895.27, 155918.14, 393.32, -41839.85, -42549.56, 161515.63, -54633.23, -43073.82, 126724.22, -34022.93, 60451.39, -52858.97, 130346.79, 4538.97, 0.000, 0.928, -0.216, 14:55:03.037
106, -158365.66, 8633.03, 156895.27, 155918.14, 393.32, -41839.85, -42549.56, 161515.63, -54655.42, -43092.48, 126715.48, -34038.71, 60445.75, -52884.07, 130348.15, 4551.04, 0.000, 0.000, 0.000, 14:55:03.037
107, -158485.53, 8542.52, 156899.81, 155917.06, 385.52, -41838.17, -42536.24, 161525.41, -54655.42, -43092.48, 126715.48, -34038.71, 60445.75, -52884.07, 130348.15, 4551.04, 0.000, 0.000, 0.000, 14:55:03.037
108, -158485.53, 8542.52, 156899.81, 155917.06, 385.52, -41838.17, -42536.24, 161525.41, -54666.09, -43090.05, 126718.25, -34041.59, 60456.57, -52863.82, 130341.98, 4541.00, 0.000, 0.000, 0.000, 14:55:03.037
109, -158550.44, 8498.00, 156895.06, 155903.30, 392.27, -41842.62, -42537.76, 161520.92, -54666.09, -43090.05, 126718.25, -34041.59, 60456.57, -52863.82, 130341.98, 4541.00, 0.000, 0.000, 0.000, 14:55:03.037
110, -158550.44, 8498.00, 156895.06, 155903.30, 392.27, -41842.62, -42537.76, 161520.92, -54632.58, -43097.25, 126715.84, -34039.11, 60451.41, -52873.30, 130351.44, 4544.94, 0.000, 0.000, 0.000, 14:55:03.038
111, -158297.11, 8682.09, 156880.52, 155949.86, 380.63, -41850.53, -42547.89, 161516.22, -54632.58, -43097.25, 126715.84, -34039.11, 60451.41, -52873.30, 130351.44, 4544.94, 0.000, 0.000, 0.000, 14:55:03.038
112, -158297.11, 8682.09, 156880.52, 155949.86, 380.63, -41850.53, -42547.89, 161516.22, -54687.63, -43099.70, 126712.51, -34057.84, 60448.84, -52874.12, 130325.30, 4534.10, 0.000, 0.000, 0.000, 14:55:03.038
113, -158633.75, 8428.91, 156898.88, 155883.52, 370.55, -41825.95, -42538.63, 161517.17, -54687.63, -43099.70, 126712.51, -34057.84, 60448.84, -52874.12, 130325.30, 4534.10, 0.000, 0.000, 0.000, 14:55:03.038
114, -158633.75, 8428.91, 156898.88, 155883.52, 370.55, -41825.95, -42538.63, 161517.17, -54645.59, -43091.52, 126726.90, -34040.01, 60456.75, -52874.21, 130341.13, 4519.41, 0.000, 0.000, 0.000, 14:55:03.038
115, -158398.73, 8599.19, 156894.36, 155895.17, 384.03, -41836.79, -42546.81, 161519.44, -54645.59, -43091.52, 126726.90, -34040.01, 60456.75, -52874.21, 130341.13, 4519.41, -0.004, 0.922, -0.212, 14:55:03.038
116, -158398.73, 8599.19, 156894.36, 155895.17, 384.03, -41836.79, -42546.81, 161519.44, -54668.32, -43098.25, 126718.05, -34050.36, 60443.56, -52883.13, 130349.49, 4544.53, 0.000, 0.000, 0.000, 14:55:03.039
117, -158506.70, 8517.02, 156885.33, 155908.52, 352.62, -41841.91, -42554.41, 161530.75, -54668.32, -43098.25, 126718.05, -34050.36, 60443.56, -52883.13, 130349.49, 4544.53, 0.000, 0.000, 0.000, 14:55:03.039
118, -158506.70, 8517.02, 156885.33, 155908.52, 352.62, -41841.91, -42554.41, 161530.75, -54685.35, -43102.72, 126712.41, -34064.37, 60443.56, -52875.87, 130324.08, 4529.29, 0.000, 0.000, 0.000, 14:55:03.039
119, -158606.30, 8434.59, 156899.42, 155861.06, 362.97, -41831.18, -42547.19, 161515.08, -54685.35, -43102.72, 126712.41, -34064.37, 60443.56, -52875.87, 130324.08, 4529.29, 0.000, 0.000, 0.000, 14:55:03.039
120, -158606.30, 8434.59, 156899.42, 155861.06, 362.97, -41831.18, -42547.19, 161515.08, -54636.25, -43096.93, 126715.25, -34047.72, 60454.54, -52874.39, 130350.38, 4536.93, 0.000, 0.000, 0.000, 14:55:03.039
121, -158349.08, 8625.29, 156889.03, 155919.55, 378.33, -41844.52, -42557.90, 161516.61, -54636.25, -43096.93, 126715.25, -34047.72, 60454.54, -52874.39, 130350.38, 4536.93, 0.000, 0.000, 0.000, 14:55:03.040
122, -158349.08, 8625.29, 156889.03, 155919.55, 378.33, -41844.52, -42557.90, 161516.61, -54691.92, -43095.19, 126714.16, -34058.58, 60457.89, -52878.55, 130332.41, 4545.43, 0.000, 0.000, 0.000, 14:55:03.040
123, -158656.00, 8400.63, 156897.80, 155883.36, 374.32, -41837.14, -42558.23, 161512.73, -54691.92, -43095.19, 126714.16, -34058.58, 60457.89, -52878.55, 130332.41, 4545.43, 0.000, 0.000, 0.000, 14:55:03.040
124, -158656.00, 8400.63, 156897.80, 155883.36, 374.32, -41837.14, -42558.23, 161512.73, -54652.88, -43087.99, 126717.04, -34042.93, 60463.99, -52887.62, 130338.63, 4528.62, 0.000, 0.000, 0.000, 14:55:03.040
125, -158405.91, 8588.30, 156896.19, 155913.25, 383.29, -41842.17, -42559.35, 161502.23, -54652.88, -43087.99, 126717.04, -34042.93, 60463.99, -52887.62, 130338.63, 4528.62, -0.004, 0.920, -0.216, 14:55:03.040
126, -158405.91, 8588.30, 156896.19, 155913.25, 383.29, -41842.17, -42559.35, 161502.23, -54676.41, -43095.86, 126702.98, -34049.46, 60448.35, -52880.74, 130350.67, 4556.47, 0.000, 0.000, 0.000, 14:55:03.041
127, -158508.22, 8515.34, 156892.08, 155928.56, 361.14, -41840.74, -42560.87, 161503.78, -54676.41, -43095.86, 126702.98, -34049.46, 60448.35, -52880.74, 130350.67, 4556.47, 0.000, 0.000, 0.000, 14:55:03.041
128, -158508.22, 8515.34, 156892.08, 155928.56, 361.14, -41840.74, -42560.87, 161503.78, -54682.69, -43081.55, 126717.96, -34040.66, 60455.54, -52862.97, 130336.98, 4529.49, 0.000, 0.000, 0.000, 14:55:03.041
129, -158591.08, 8456.49, 156887.84, 155906.42, 373.12, -41848.16, -42553.34, 161508.52, -54682.69, -43081.55, 126717.96, -34040.66, 60455.54, -52862.97, 130336.98, 4529.49, 0.000, 0.000, 0.000, 14:55:03.041
130, -158591.08, 8456.49, 156887.84, 155906.42, 373.12, -41848.16, -42553.34, 161508.52, -54663.89, -43106.01, 126697.48, -34049.80, 60429.46, -52896.12, 130348.71, 4550.37, 0.000, 0.000, 0.000, 14:55:03.041
131, -158312.11, 8662.40, 156877.13, 155978.56, 367.08, -41858.38, -42553.52, 161511.00, -54663.89, -43106.01, 126697.48, -34049.80, 60429.46, -52896.12, 130348.71, 4550.37, 0.000, 0.000, 0.000, 14:55:03.041
132, -158312.11, 8662.40, 156877.13, 155978.56, 367.08, -41858.38, -42553.52, 161511.00, -54706.81, -43098.72, 126702.29, -34058.04, 60432.43, -52879.09, 130335.50, 4551.66, 0.000, 0.000, 0.000, 14:55:03.042
133, -158620.83, 8434.43, 156886.83, 155942.19, 353.00, -41829.23, -42534.52, 161519.69, -54706.81, -43098.72, 126702.29, -34058.04, 60432.43, -52879.09, 130335.50, 4551.66, 0.000, 0.000, 0.000, 14:55:03.042
134, -158620.83, 8434.43, 156886.83, 155942.19, 353.00, -41829.23, -42534.52, 161519.69, -54665.08, -43092.51, 126706.73, -34047.61, 60431.92, -52876.13, 130340.44, 4536.31, 0.000, 0.000, 0.000, 14:55:03.042
135, -158379.72, 8613.07, 156879.56, 155963.73, 355.73, -41829.37, -42544.20, 161510.84, -54665.08, -43092.51, 126706.73, -34047.61, 60431.92, -52876.13, 130340.44, 4536.31, 0.000, 0.912, -0.214, 14:55:03.042
136, -158379.72, 8613.07, 156879.56, 155963.73, 355.73, -41829.37, -42544.20, 161510.84, -54683.30, -43089.42, 126709.76, -34049.20, 60436.95, -52861.23, 130344.28, 4545.65, 0.000, 0.000, 0.000, 14:55:03.042
137, -158512.86, 8506.72, 156884.09, 155950.53, 339.50, -41817.95, -42541.80, 161517.66, -54683.30, -43089.42, 126709.76, -34049.20, 60436.95, -52861.23, 130344.28, 4545.65, 0.000, 0.000, 0.000, 14:55:03.042
138, -158512.86, 8506.72, 156884.09, 155950.53, 339.50, -41817.95, -42541.80, 161517.66, -54686.69, -43086.14, 126719.61, -34045.68, 60442.89, -52865.23, 130335.43, 4543.19, 0.000, 0.000, 0.000, 14:55:03.043
139, -158589.91, 8453.16, 156889.92, 155931.39, 358.63, -41820.65, -42543.71, 161518.97, -54686.69, -43086.14, 126719.61, -34045.68, 60442.89, -52865.23, 130335.43, 4543.19, 0.000, 0.000, 0.000, 14:55:03.043
140, -158589.91, 8453.16, 156889.92, 155931.39, 358.63, -41820.65, -42543.71, 161518.97, -54652.81, -43092.20, 126712.57, -34047.38, 60437.35, -52868.45, 130347.44, 4560.11, 0.000, 0.000, 0.000, 14:55:03.043
141, -158336.84, 8639.73, 156877.84, 155976.09, 344.17, -41830.08, -42557.88, 161512.02, -54652.81, -43092.20, 126712.57, -34047.38, 60437.35, -52868.45, 130347.44, 4560.11, 0.000, 0.000, 0.000, 14:55:03.043
142, -158336.84, 8639.73, 156877.84, 155976.09, 344.17, -41830.08, -42557.88, 161512.02, -54705.94, -43090.07, 126711.03, -34061.62, 60435.74, -52868.09, 130324.73, 4552.54, 0.000, 0.000, 0.000, 14:55:03.043
143, -158643.98, 8413.40, 156889.69, 155939.52, 341.53, -41821.14, -42546.90, 161511.05, -54705.94, -43090.07, 126711.03, -34061.62, 60435.74, -52868.09, 130324.73, 4552.54, 0.000, 0.000, 0.000, 14:55:03.043
144, -158643.98, 8413.40, 156889.69, 155939.52, 341.53, -41821.14, -42546.90, 161511.05, -54658.95, -43090.45, 126721.00, -34047.96, 60451.01, -52872.67, 130334.54, 4547.24, 0.000, 0.000, 0.000, 14:55:03.044
145, -158392.19, 8603.57, 156889.91, 155968.41, 354.34, -41840.41, -42555.73, 161500.09, -54658.95, -43090.45, 126721.00, -34047.96, 60451.01, -52872.67, 130334.54, 4547.24, -0.004, 0.908, -0.212, 14:55:03.500
146, -158392.19, 8603.57, 156889.91, 155968.41, 354.34, -41840.41, -42555.73, 161500.09, -54673.04, -43099.53, 126717.53, -34057.55, 60452.91, -52870.64, 130335.27, 4558.75, 0.000, 0.000, 0.000, 14:55:03.500
147, -158503.44, 8522.05, 156890.52, 155968.20, 331.63, -41839.69, -42558.91, 161499.47, -54673.04, -43099.53, 126717.53, -34057.55, 60452.91, -52870.64, 130335.27, 4558.75, 0.000, 0.000, 0.000, 14:55:03.501
148, -158503.44, 8522.05, 156890.52, 155968.20, 331.63, -41839.69, -42558.91, 161499.47, -54676.43, -43088.15, 126727.62, -34049.62, 60451.23, -52862.50, 130328.62, 4547.86, 0.000, 0.000, 0.000, 14:55:03.501
149, -158575.03, 8476.65, 156892.31, 155955.05, 343.61, -41842.57, -42559.48, 161500.52, -54676.43, -43088.15, 126727.62, -34049.62, 60451.23, -52862.50, 130328.62, 4547.86, 0.000, 0.000, 0.000, 14:55:03.501
150, -158575.03, 8476.65, 156892.31, 155955.05, 343.61, -41842.57, -42559.48, 161500.52, -54656.88, -43106.23, 126712.88, -34053.20, 60442.78, -52889.10, 130348.26, 4548.87, 0.000, 0.000, 0.000, 14:55:03.501
151, -158301.83, 8681.93, 156885.06, 156021.91, 346.65, -41843.83, -42564.98, 161503.39, -54656.88, -43106.23, 126712.88, -34053.20, 60442.78, -52889.10, 130348.26, 4548.87, 0.000, 0.000, 0.000, 14:55:03.501
152, -158301.83, 8681.93, 156885.06, 156021.91, 346.65, -41843.83, -42564.98, 161503.39, -54711.64, -43100.11, 126719.92, -34065.82, 60459.95, -52878.77, 130334.54, 4541.76, 0.000, 0.000, 0.000, 14:55:03.502
153, -158632.47, 8436.80, 156905.55, 155969.64, 351.86, -41825.54, -42553.43, 161507.73, -54711.64, -43100.11, 126719.92, -34065.82, 60459.95, -52878.77, 130334.54, 4541.76, 0.000, 0.000, 0.000, 14:55:03.502
154, -158632.47, 8436.80, 156905.55, 155969.64, 351.86, -41825.54, -42553.43, 161507.73, -54667.47, -43097.05, 126727.37, -34049.55, 60460.46, -52873.95, 130353.00, 4538.45, 0.000, 0.000, 0.000, 14:55:03.502
155, -158359.98, 8644.51, 156894.02, 156023.00, 377.16, -41841.41, -42556.63, 161513.23, -54667.47, -43097.05, 126727.37, -34049.55, 60460.46, -52873.95, 130353.00, 4538.45, -0.006, 0.922, -0.214, 14:55:03.502
156, -158359.98, 8644.51, 156894.02, 156023.00, 377.16, -41841.41, -42556.63, 161513.23, -54700.48, -43116.60, 126706.11, -34079.79, 60441.62, -52878.84, 130348.17, 4557.07, 0.000, 0.000, 0.000, 14:55:03.503
157, -158467.16, 8561.03, 156893.95, 156022.09, 375.73, -41836.27, -42554.77, 161522.03, -54700.48, -43116.60, 126706.11, -34079.79, 60441.62, -52878.84, 130348.17, 4557.07, 0.000, 0.000, 0.000, 14:55:03.503
158, -158467.16, 8561.03, 156893.95, 156022.09, 375.73, -41836.27, -42554.77, 161522.03, -54696.08, -43096.80, 126721.94, -34069.73, 60471.26, -52867.28, 130335.95, 4534.72, 0.000, 0.000, 0.000, 14:55:03.503
159, -158553.80, 8497.78, 156898.11, 155996.86, 410.49, -41821.99, -42548.04, 161540.36, -54696.08, -43096.80, 126721.94, -34069.73, 60471.26, -52867.28, 130335.95, 4534.72, 0.000, 0.000, 0.000, 14:55:03.503
160, -158553.80, 8497.78, 156898.11, 155996.86, 410.49, -41821.99, -42548.04, 161540.36, -54657.68, -43090.96, 126722.18, -34059.57, 60475.37, -52871.62, 130351.46, 4540.35, 0.000, 0.000, 0.000, 14:55:03.503
161, -158301.19, 8678.65, 156890.36, 156030.22, 431.46, -41824.07, -42545.27, 161558.42, -54657.68, -43090.96, 126722.18, -34059.57, 60475.37, -52871.62, 130351.46, 4540.35, 0.000, 0.000, 0.000, 14:55:03.504
162, -158301.19, 8678.65, 156890.36, 156030.22, 431.46, -41824.07, -42545.27, 161558.42, -54699.50, -43096.09, 126719.63, -34081.54, 60486.68, -52875.75, 130324.14, 4529.96, 0.000, 0.000, 0.000, 14:55:03.504
163, -158642.00, 8416.59, 156895.19, 155954.42, 444.26, -41824.61, -42536.96, 161561.91, -54699.50, -43096.09, 126719.63, -34081.54, 60486.68, -52875.75, 130324.14, 4529.96, 0.000, 0.000, 0.000, 14:55:03.504
164, -158642.00, 8416.59, 156895.19, 155954.42, 444.26, -41824.61, -42536.96, 161561.91, -54654.57, -43087.90, 126725.34, -34068.08, 60505.14, -52857.56, 130337.58, 4518.07, 0.000, 0.000, 0.000, 14:55:03.504
165, -158379.81, 8617.02, 156878.34, 155990.55, 479.20, -41833.43, -42548.85, 161567.50, -54654.57, -43087.90, 126725.34, -34068.08, 60505.14, -52857.56, 130337.58, 4518.07, -0.002, 0.922, -0.212, 14:55:03.505
166, -158379.81, 8617.02, 156878.34, 155990.55, 479.20, -41833.43, -42548.85, 161567.50, -54673.19, -43107.24, 126698.94, -34087.71, 60484.11, -52871.57, 130329.28, 4552.36, 0.000, 0.000, 0.000, 14:55:03.505
167, -158448.69, 8570.35, 156866.03, 156016.42, 472.00, -41833.46, -42550.34, 161571.69, -54673.19, -43107.24, 126698.94, -34087.71, 60484.11, -52871.57, 130329.28, 4552.36, 0.000, 0.000, 0.000, 14:55:03.505
168, -158448.69, 8570.35, 156866.03, 156016.42, 472.00, -41833.46, -42550.34, 161571.69, -54677.46, -43093.20, 126712.52, -34087.08, 60512.94, -52862.93, 130306.35, 4524.26, 0.000, 0.000, 0.000, 14:55:03.505
169, -158542.44, 8494.13, 156875.17, 155971.31, 499.38, -41829.52, -42540.69, 161567.91, -54677.46, -43093.20, 126712.52, -34087.08, 60512.94, -52862.93, 130306.35, 4524.26, 0.000, 0.000, 0.000, 14:55:03.506
170, -158542.44, 8494.13, 156875.17, 155971.31, 499.38, -41829.52, -42540.69, 161567.91, -54638.99, -43105.76, 126698.31, -34103.42, 60505.43, -52876.02, 130324.05, 4536.35, 0.000, 0.000, 0.000, 14:55:03.506
171, -158256.36, 8702.20, 156856.63, 156028.42, 497.06, -41838.06, -42559.71, 161557.67, -54638.99, -43105.76, 126698.31, -34103.42, 60505.43, -52876.02, 130324.05, 4536.35, 0.000, 0.000, 0.000, 14:55:03.506
172, -158256.36, 8702.20, 156856.63, 156028.42, 497.06, -41838.06, -42559.71, 161557.67, -54682.85, -43099.91, 126697.55, -34118.46, 60504.85, -52871.60, 130305.48, 4539.37, 0.000, 0.000, 0.000, 14:55:03.506
173, -158555.47, 8475.18, 156876.25, 155984.48, 505.93, -41817.34, -42536.15, 161559.75, -54682.85, -43099.91, 126697.55, -34118.46, 60504.85, -52871.60, 130305.48, 4539.37, 0.000, 0.000, 0.000, 14:55:03.507
174, -158555.47, 8475.18, 156876.25, 155984.48, 505.93, -41817.34, -42536.15, 161559.75, -54637.68, -43082.74, 126706.45, -34100.51, 60516.83, -52856.26, 130322.16, 4526.61, 0.000, 0.000, 0.000, 14:55:03.507
175, -158295.11, 8665.66, 156860.88, 156014.03, 513.78, -41833.43, -42540.66, 161551.47, -54637.68, -43082.74, 126706.45, -34100.51, 60516.83, -52856.26, 130322.16, 4526.61, 0.000, 0.922, -0.208, 14:55:03.507
176, -158295.11, 8665.66, 156860.88, 156014.03, 513.78, -41833.43, -42540.66, 161551.47, -54658.62, -43099.59, 126694.65, -34117.07, 60500.96, -52861.14, 130322.98, 4551.82, 0.000, 0.000, 0.000, 14:55:03.507
177, -158391.27, 8580.90, 156863.73, 156004.52, 486.04, -41823.91, -42535.23, 161548.53, -54658.62, -43099.59, 126694.65, -34117.07, 60500.96, -52861.14, 130322.98, 4551.82, 0.000, 0.000, 0.000, 14:55:03.508
178, -158391.27, 8580.90, 156863.73, 156004.52, 486.04, -41823.91, -42535.23, 161548.53, -54665.57, -43092.62, 126698.69, -34118.77, 60508.92, -52865.34, 130311.47, 4535.26, 0.000, 0.000, 0.000, 14:55:03.508
179, -158466.47, 8523.57, 156862.80, 155979.31, 484.74, -41825.41, -42534.92, 161549.58, -54665.57, -43092.62, 126698.69, -34118.77, 60508.92, -52865.34, 130311.47, 4535.26, 0.000, 0.000, 0.000, 14:55:03.508
180, -158466.47, 8523.57, 156862.80, 155979.31, 484.74, -41825.41, -42534.92, 161549.58, -54630.84, -43094.81, 126695.23, -34114.89, 60508.00, -52865.16, 130330.70, 4551.66, 0.000, 0.000, 0.000, 14:55:03.508
181, -158184.20, 8724.11, 156856.06, 156028.92, 476.00, -41836.27, -42544.87, 161545.33, -54630.84, -43094.81, 126695.23, -34114.89, 60508.00, -52865.16, 130330.70, 4551.66, 0.000, 0.000, 0.000, 14:55:03.509
182, -158184.20, 8724.11, 156856.06, 156028.92, 476.00, -41836.27, -42544.87, 161545.33, -54676.86, -43105.89, 126691.85, -34130.93, 60508.41, -52873.47, 130312.72, 4555.35, 0.000, 0.000, 0.000, 14:55:03.509
183, -158495.23, 8482.55, 156867.89, 155968.92, 473.66, -41833.30, -42529.16, 161545.64, -54676.86, -43105.89, 126691.85, -34130.93, 60508.41, -52873.47, 130312.72, 4555.35, 0.000, 0.000, 0.000, 14:55:03.509
184, -158495.23, 8482.55, 156867.89, 155968.92, 473.66, -41833.30, -42529.16, 161545.64, -54636.07, -43094.32, 126703.67, -34111.98, 60515.18, -52857.74, 130316.25, 4529.00, 0.000, 0.000, 0.000, 14:55:03.509
185, -158257.44, 8653.30, 156865.66, 155974.42, 486.98, -41835.16, -42535.93, 161543.61, -54636.07, -43094.32, 126703.67, -34111.98, 60515.18, -52857.74, 130316.25, 4529.00, -0.008, 0.924, -0.218, 14:55:03.509
186, -158257.44, 8653.30, 156865.66, 155974.42, 486.98, -41835.16, -42535.93, 161543.61, -54646.19, -43096.11, 126701.93, -34120.29, 60500.96, -52862.54, 130324.37, 4546.32, 0.000, 0.000, 0.000, 14:55:03.510
187, -158366.97, 8567.71, 156869.25, 155959.11, 466.86, -41826.73, -42537.27, 161551.55, -54646.19, -43096.11, 126701.93, -34120.29, 60500.96, -52862.54, 130324.37, 4546.32, 0.000, 0.000, 0.000, 14:55:03.510
188, -158366.97, 8567.71, 156869.25, 155959.11, 466.86, -41826.73, -42537.27, 161551.55, -54663.71, -43099.04, 126699.07, -34129.97, 60496.38, -52867.64, 130304.88, 4527.30, 0.000, 0.000, 0.000, 14:55:03.510
189, -158450.64, 8506.07, 156862.50, 155936.22, 478.08, -41838.11, -42540.31, 161549.16, -54663.71, -43099.04, 126699.07, -34129.97, 60496.38, -52867.64, 130304.88, 4527.30, 0.000, 0.000, 0.000, 14:55:03.510
190, -158450.64, 8506.07, 156862.50, 155936.22, 478.08, -41838.11, -42540.31, 161549.16, -54629.18, -43106.21, 126689.46, -34130.60, 60494.77, -52884.89, 130319.77, 4543.33, 0.000, 0.000, 0.000, 14:55:03.510
191, -158158.38, 8725.61, 156848.89, 156001.73, 469.32, -41843.43, -42550.25, 161557.02, -54629.18, -43106.21, 126689.46, -34130.60, 60494.77, -52884.89, 130319.77, 4543.33, 0.000, 0.000, 0.000, 14:55:03.511
192, -158158.38, 8725.61, 156848.89, 156001.73, 469.32, -41843.43, -42550.25, 161557.02, -54691.32, -43110.97, 126679.55, -34156.08, 60494.64, -52888.85, 130292.25, 4533.54, 0.000, 0.000, 0.000, 14:55:03.511
193, -158481.58, 8475.92, 156867.47, 155934.38, 470.77, -41841.52, -42534.27, 161550.22, -54691.32, -43110.97, 126679.55, -34156.08, 60494.64, -52888.85, 130292.25, 4533.54, 0.000, 0.000, 0.000, 14:55:03.511
194, -158481.58, 8475.92, 156867.47, 155934.38, 470.77, -41841.52, -42534.27, 161550.22, -54644.36, -43104.82, 126684.90, -34140.84, 60497.86, -52898.80, 130313.55, 4517.15, 0.000, 0.000, 0.000, 14:55:03.511
195, -158203.73, 8685.13, 156845.25, 155979.83, 497.37, -41864.14, -42547.33, 161544.05, -54644.36, -43104.82, 126684.90, -34140.84, 60497.86, -52898.80, 130313.55, 4517.15, -0.004, 0.924, -0.218, 14:55:03.512
196, -158203.73, 8685.13, 156845.25, 155979.83, 497.37, -41864.14, -42547.33, 161544.05, -54679.05, -43120.49, 126666.41, -34164.59, 60481.11, -52884.27, 130309.81, 4528.26, 0.000, 0.000, 0.000, 14:55:03.512
197, -158305.44, 8600.66, 156866.14, 155968.28, 493.21, -41829.10, -42529.76, 161552.77, -54679.05, -43120.49, 126666.41, -34164.59, 60481.11, -52884.27, 130309.81, 4528.26, 0.000, 0.000, 0.000, 14:55:03.512
198, -158305.44, 8600.66, 156866.14, 155968.28, 493.21, -41829.10, -42529.76, 161552.77, -54664.99, -43089.00, 126698.34, -34141.55, 60501.34, -52862.70, 130315.67, 4517.94, 0.000, 0.000, 0.000, 14:55:03.512
199, -158399.63, 8524.89, 156866.92, 155929.97, 500.32, -41832.70, -42536.02, 161554.02, -54664.99, -43089.00, 126698.34, -34141.55, 60501.34, -52862.70, 130315.67, 4517.94, 0.000, 0.000, 0.000, 14:55:03.512
200, -158399.63, 8524.89, 156866.92, 155929.97, 500.32, -41832.70, -42536.02, 161554.02, -54630.16, -43093.56, 126693.64, -34135.70, 60493.39, -52873.77, 130330.70, 4523.90, 0.000, 0.000, 0.000, 14:55:03.513
201, -158154.09, 8696.53, 156870.81, 155944.66, 494.64, -41832.18, -42534.65, 161548.80, -54630.16, -43093.56, 126693.64, -34135.70, 60493.39, -52873.77, 130330.70, 4523.90, 0.000, 0.000, 0.000, 14:55:03.513
202, -158154.09, 8696.53, 156870.81, 155944.66, 494.64, -41832.18, -42534.65, 161548.80, -54664.09, -43085.04, 126704.15, -34138.06, 60497.54, -52859.21, 130328.39, 4530.05, 0.000, 0.000, 0.000, 14:55:03.513
203, -158467.42, 8459.29, 156882.67, 155889.63, 490.87, -41820.76, -42525.62, 161557.91, -54664.09, -43085.04, 126704.15, -34138.06, 60497.54, -52859.21, 130328.39, 4530.05, 0.000, 0.000, 0.000, 14:55:03.513
204, -158467.42, 8459.29, 156882.67, 155889.63, 490.87, -41820.76, -42525.62, 161557.91, -54634.57, -43085.09, 126693.10, -34133.91, 60492.38, -52851.48, 130338.80, 4531.84, -0.002, 0.924, -0.210, 14:55:03.514
205, -158203.14, 8656.45, 156860.72, 155927.94, 492.68, -41838.51, -42536.62, 161552.44, -54634.57, -43085.09, 126693.10, -34133.91, 60492.38, -52851.48, 130338.80, 4531.84, 0.000, 0.000, 0.000, 14:55:03.514
206, -158203.14, 8656.45, 156860.72, 155927.94, 492.68, -41838.51, -42536.62, 161552.44, -54656.99, -43098.92, 126675.06, -34151.81, 60482.57, -52868.69, 130333.53, 4559.80, 0.000, 0.000, 0.000, 14:55:03.514
207, -158288.56, 8585.39, 156865.81, 155925.61, 466.79, -41826.91, -42527.95, 161555.44, -54656.99, -43098.92, 126675.06, -34151.81, 60482.57, -52868.69, 130333.53, 4559.80, 0.000, 0.000, 0.000, 14:55:03.514
208, -158288.56, 8585.39, 156865.81, 155925.61, 466.79, -41826.91, -42527.95, 161555.44, -54657.79, -43079.61, 126696.52, -34137.80, 60507.96, -52852.55, 130319.78, 4537.92, 0.000, 0.000, 0.000, 14:55:03.515
209, -158404.30, 8495.36, 156875.83, 155876.44, 481.59, -41819.66, -42523.61, 161554.09, -54657.79, -43079.61, 126696.52, -34137.80, 60507.96, -52852.55, 130319.78, 4537.92, 0.000, 0.000, 0.000, 14:55:03.515
210, -158404.30, 8495.36, 156875.83, 155876.44, 481.59, -41819.66, -42523.61, 161554.09, -54622.12, -43081.31, 126694.76, -34124.27, 60504.92, -52874.30, 130336.70, 4538.86, 0.000, 0.000, 0.000, 14:55:03.515
211, -158139.23, 8685.26, 156852.75, 155915.08, 474.04, -41843.31, -42545.40, 161543.72, -54622.12, -43081.31, 126694.76, -34124.27, 60504.92, -52874.30, 130336.70, 4538.86, 0.000, 0.000, 0.000, 14:55:03.515
212, -158139.23, 8685.26, 156852.75, 155915.08, 474.04, -41843.31, -42545.40, 161543.72, -54689.15, -43103.15, 126675.11, -34159.01, 60483.57, -52863.35, 130305.16, 4550.28, 0.000, 0.000, 0.000, 14:55:03.516
213, -158432.36, 8466.48, 156858.45, 155886.20, 448.47, -41843.29, -42543.32, 161540.61, -54689.15, -43103.15, 126675.11, -34159.01, 60483.57, -52863.35, 130305.16, 4550.28, 0.000, 0.000, 0.000, 14:55:03.516
214, -158432.36, 8466.48, 156858.45, 155886.20, 448.47, -41843.29, -42543.32, 161540.61, -54651.13, -43101.29, 126682.22, -34146.96, 60489.81, -52868.60, 130303.58, 4531.26, -0.006, 0.920, -0.214, 14:55:03.516
215, -158184.97, 8645.48, 156848.31, 155912.08, 439.41, -41848.21, -42556.96, 161533.48, -54651.13, -43101.29, 126682.22, -34146.96, 60489.81, -52868.60, 130303.58, 4531.26, 0.000, 0.000, 0.000, 14:55:03.516
216, -158184.97, 8645.48, 156848.31, 155912.08, 439.41, -41848.21, -42556.96, 161533.48, -54666.69, -43116.51, 126674.10, -34165.07, 60473.43, -52885.97, 130308.66, 4542.30, 0.000, 0.000, 0.000, 14:55:03.516
217, -158273.95, 8569.19, 156863.59, 155912.02, 429.29, -41824.80, -42544.13, 161550.30, -54666.69, -43116.51, 126674.10, -34165.07, 60473.43, -52885.97, 130308.66, 4542.30, 0.000, 0.000, 0.000, 14:55:03.517
218, -158273.95, 8569.19, 156863.59, 155912.02, 429.29, -41824.80, -42544.13, 161550.30, -54665.73, -43096.57, 126701.24, -34155.14, 60493.70, -52860.24, 130310.13, 4524.73, 0.000, 0.000, 0.000, 14:55:03.517
219, -158397.11, 8470.55, 156872.77, 155856.83, 443.50, -41829.93, -42545.25, 161542.52, -54665.73, -43096.57, 126701.24, -34155.14, 60493.70, -52860.24, 130310.13, 4524.73, 0.000, 0.000, 0.000, 14:55:03.517
220, -158397.11, 8470.55, 156872.77, 155856.83, 443.50, -41829.93, -42545.25, 161542.52, -54633.99, -43109.79, 126690.06, -34151.61, 60480.55, -52880.00, 130325.22, 4530.79, 0.000, 0.000, 0.000, 14:55:03.517
221, -158111.86, 8683.32, 156848.58, 155913.92, 438.14, -41853.48, -42564.14, 161539.09, -54633.99, -43109.79, 126690.06, -34151.61, 60480.55, -52880.00, 130325.22, 4530.79, 0.000, 0.000, 0.000, 14:55:03.518
222, -158111.86, 8683.32, 156848.58, 155913.92, 438.14, -41853.48, -42564.14, 161539.09, -54684.03, -43110.64, 126685.70, -34165.63, 60477.16, -52868.78, 130308.36, 4546.55, 0.000, 0.000, 0.000, 14:55:03.518
223, -158405.94, 8463.11, 156871.53, 155873.59, 448.96, -41825.70, -42541.92, 161542.98, -54684.03, -43110.64, 126685.70, -34165.63, 60477.16, -52868.78, 130308.36, 4546.55, 0.000, 0.000, 0.000, 14:55:03.518
224, -158405.94, 8463.11, 156871.53, 155873.59, 448.96, -41825.70, -42541.92, 161542.98, -54638.39, -43096.60, 126700.26, -34143.92, 60486.70, -52856.26, 130319.05, 4529.45, -0.002, 0.916, -0.218, 14:55:03.518
225, -158169.59, 8633.81, 156866.58, 155887.28, 468.45, -41833.39, -42543.88, 161536.31, -54638.39, -43096.60, 126700.26, -34143.92, 60486.70, -52856.26, 130319.05, 4529.45, 0.000, 0.000, 0.000, 14:55:03.519
226, -158169.59, 8633.81, 156866.58, 155887.28, 468.45, -41833.39, -42543.88, 161536.31, -54660.65, -43117.32, 126685.48, -34164.51, 60469.47, -52882.26, 130328.84, 4559.60, 0.000, 0.000, 0.000, 14:55:03.519
227, -158235.45, 8582.42, 156864.77, 155903.81, 454.52, -41828.58, -42539.77, 161542.69, -54660.65, -43117.32, 126685.48, -34164.51, 60469.47, -52882.26, 130328.84, 4559.60, 0.000, 0.000, 0.000, 14:55:03.519
228, -158235.45, 8582.42, 156864.77, 155903.81, 454.52, -41828.58, -42539.77, 161542.69, -54664.27, -43099.84, 126699.61, -34159.81, 60480.87, -52849.91, 130323.05, 4550.59, 0.000, 0.000, 0.000, 14:55:03.519
229, -158333.52, 8505.08, 156877.25, 155875.92, 464.02, -41825.39, -42535.50, 161536.56, -54664.27, -43099.84, 126699.61, -34159.81, 60480.87, -52849.91, 130323.05, 4550.59, 0.000, 0.000, 0.000, 14:55:03.519
230, -158333.52, 8505.08, 156877.25, 155875.92, 464.02, -41825.39, -42535.50, 161536.56, -54625.43, -43102.66, 126696.43, -34148.37, 60486.81, -52863.48, 130339.66, 4552.54, 0.000, 0.000, 0.000, 14:55:03.520
231, -158041.31, 8718.50, 156865.39, 155936.31, 468.74, -41839.94, -42547.21, 161541.53, -54625.43, -43102.66, 126696.43, -34148.37, 60486.81, -52863.48, 130339.66, 4552.54, 0.000, 0.000, 0.000, 14:55:03.520
232, -158041.31, 8718.50, 156865.39, 155936.31, 468.74, -41839.94, -42547.21, 161541.53, -54679.90, -43100.06, 126693.35, -34162.36, 60479.75, -52858.97, 130315.23, 4570.19, 0.000, 0.000, 0.000, 14:55:03.520
233, -158341.50, 8490.87, 156869.25, 155898.06, 457.61, -41832.45, -42542.36, 161543.20, -54679.90, -43100.06, 126693.35, -34162.36, 60479.75, -52858.97, 130315.23, 4570.19, 0.000, 0.000, 0.000, 14:55:03.520
234, -158341.50, 8490.87, 156869.25, 155898.06, 457.61, -41832.45, -42542.36, 161543.20, -54648.05, -43096.40, 126692.32, -34153.46, 60478.30, -52857.67, 130311.23, 4546.37, 0.002, 0.918, -0.214, 14:55:03.521
235, -158095.89, 8663.89, 156853.63, 155919.81, 456.80, -41844.48, -42554.28, 161531.89, -54648.05, -43096.40, 126692.32, -34153.46, 60478.30, -52857.67, 130311.23, 4546.37, 0.000, 0.000, 0.000, 14:55:03.521
236, -158095.89, 8663.89, 156853.63, 155919.81, 456.80, -41844.48, -42554.28, 161531.89, -54671.47, -43110.34, 126681.19, -34172.93, 60467.23, -52876.54, 130310.62, 4557.65, 0.000, 0.000, 0.000, 14:55:03.521
237, -158194.72, 8576.25, 156866.03, 155907.59, 443.46, -41822.46, -42547.10, 161543.05, -54671.47, -43110.34, 126681.19, -34172.93, 60467.23, -52876.54, 130310.62, 4557.65, 0.000, 0.000, 0.000, 14:55:03.522
238, -158194.72, 8576.25, 156866.03, 155907.59, 443.46, -41822.46, -42547.10, 161543.05, -54672.39, -43094.54, 126696.30, -34165.80, 60481.11, -52855.26, 130305.08, 4539.71, 0.000, 0.000, 0.000, 14:55:03.522
239, -158302.45, 8490.71, 156867.67, 155872.83, 459.89, -41828.90, -42548.80, 161544.95, -54672.39, -43094.54, 126696.30, -34165.80, 60481.11, -52855.26, 130305.08, 4539.71, 0.000, 0.000, 0.000, 14:55:03.522
240, -158302.45, 8490.71, 156867.67, 155872.83, 459.89, -41828.90, -42548.80, 161544.95, -54631.30, -43097.29, 126695.49, -34156.15, 60485.25, -52864.98, 130322.38, 4545.18, 0.000, 0.000, 0.000, 14:55:03.522
241, -158027.05, 8686.87, 156858.30, 155916.00, 465.81, -41826.04, -42554.86, 161550.58, -54631.30, -43097.29, 126695.49, -34156.15, 60485.25, -52864.98, 130322.38, 4545.18, 0.000, 0.000, 0.000, 14:55:03.522
242, -158027.05, 8686.87, 156858.30, 155916.00, 465.81, -41826.04, -42554.86, 161550.58, -54679.72, -43101.83, 126689.93, -34177.87, 60481.76, -52864.11, 130303.40, 4556.54, 0.000, 0.000, 0.000, 14:55:03.523
243, -158326.59, 8459.67, 156861.97, 155871.56, 448.42, -41830.26, -42550.59, 161545.95, -54679.72, -43101.83, 126689.93, -34177.87, 60481.76, -52864.11, 130303.40, 4556.54, 0.000, 0.000, 0.000, 14:55:03.523
244, -158326.59, 8459.67, 156861.97, 155871.56, 448.42, -41830.26, -42550.59, 161545.95, -54641.81, -43097.83, 126694.31, -34164.82, 60487.02, -52860.33, 130310.76, 4540.35, 0.000, 0.920, -0.212, 14:55:03.523
245, -158097.22, 8622.59, 156866.17, 155877.39, 466.95, -41843.27, -42555.98, 161533.45, -54641.81, -43097.83, 126694.31, -34164.82, 60487.02, -52860.33, 130310.76, 4540.35, 0.000, 0.000, 0.000, 14:55:03.523
246, -158097.22, 8622.59, 156866.17, 155877.39, 466.95, -41843.27, -42555.98, 161533.45, -54661.77, -43111.57, 126683.56, -34172.71, 60481.74, -52876.94, 130320.77, 4550.10, 0.000, 0.000, 0.000, 14:55:03.524
247, -158175.06, 8560.76, 156862.70, 155883.05, 450.92, -41840.96, -42559.64, 161534.58, -54661.77, -43111.57, 126683.56, -34172.71, 60481.74, -52876.94, 130320.77, 4550.10, 0.000, 0.000, 0.000, 14:55:03.524
248, -158175.06, 8560.76, 156862.70, 155883.05, 450.92, -41840.96, -42559.64, 161534.58, -54672.21, -43103.15, 126691.70, -34172.38, 60483.89, -52873.09, 130314.47, 4543.10, 0.000, 0.000, 0.000, 14:55:03.524
249, -158251.31, 8506.09, 156859.16, 155878.94, 455.77, -41853.68, -42567.58, 161526.48, -54672.21, -43103.15, 126691.70, -34172.38, 60483.89, -52873.09, 130314.47, 4543.10, 0.000, 0.000, 0.000, 14:55:03.524
250, -158251.31, 8506.09, 156859.16, 155878.94, 455.77, -41853.68, -42567.58, 161526.48, -54653.93, -43118.32, 126679.24, -34183.21, 60461.45, -52886.10, 130326.22, 4554.77, 0.000, 0.000, 0.000, 14:55:03.525
251, -157976.69, 8700.55, 156871.16, 155919.50, 455.01, -41845.93, -42566.55, 161519.16, -54653.93, -43118.32, 126679.24, -34183.21, 60461.45, -52886.10, 130326.22, 4554.77, 0.000, 0.000, 0.000, 14:55:03.525
252, -157976.69, 8700.55, 156871.16, 155919.50, 455.01, -41845.93, -42566.55, 161519.16, -54677.04, -43093.31, 126711.84, -34170.07, 60485.96, -52856.13, 130327.25, 4545.23, 0.000, 0.000, 0.000, 14:55:03.525
253, -158300.56, 8449.83, 156889.30, 155860.00, 448.82, -41832.47, -42546.95, 161532.67, -54677.04, -43093.31, 126711.84, -34170.07, 60485.96, -52856.13, 130327.25, 4545.23, 0.000, 0.000, 0.000, 14:55:03.525
254, -158300.56, 8449.83, 156889.30, 155860.00, 448.82, -41832.47, -42546.95, 161532.67, -54641.96, -43094.70, 126709.64, -34164.26, 60481.11, -52860.64, 130338.09, 4539.35, -0.002, 0.924, -0.218, 14:55:03.525
255, -158052.13, 8635.51, 156881.91, 155895.67, 455.28, -41848.21, -42558.39, 161520.66, -54641.96, -43094.70, 126709.64, -34164.26, 60481.11, -52860.64, 130338.09, 4539.35, 0.000, 0.000, 0.000, 14:55:03.526
0, -158052.13, 8635.51, 156881.91, 155895.67, 455.28, -41848.21, -42558.39, 161520.66, -54657.52, -43101.61, 126705.13, -34172.24, 60473.09, -52871.53, 130338.59, 4558.08, 0.000, 0.000, 0.000, 14:55:03.526
1, -158132.00, 8574.15, 156890.67, 155902.05, 444.51, -41840.95, -42556.58, 161522.34, -54657.52, -43101.61, 126705.13, -34172.24, 60473.09, -52871.53, 130338.59, 4558.08, 0.000, 0.000, 0.000, 14:55:03.526
2, -158132.00, 8574.15, 156890.67, 155902.05, 444.51, -41840.95, -42556.58, 161522.34, -54657.41, -43089.38, 126722.92, -34160.84, 60495.73, -52866.46, 130324.59, 4543.80, 0.000, 0.000, 0.000, 14:55:03.526
3, -158247.86, 8489.33, 156898.42, 155867.77, 451.06, -41835.11, -42558.57, 161522.95, -54657.41, -43089.38, 126722.92, -34160.84, 60495.73, -52866.46, 130324.59, 4543.80, 0.000, 0.000, 0.000, 14:55:03.526
4, -158247.86, 8489.33, 156898.42, 155867.77, 451.06, -41835.11, -42558.57, 161522.95, -54621.16, -43095.17, 126715.37, -34153.35, 60482.03, -52866.86, 130340.95, 4563.22, 0.000, 0.000, 0.000, 14:55:03.526
5, -157958.20, 8703.90, 156878.95, 155929.11, 450.03, -41845.88, -42567.55, 161523.09, -54621.16, -43095.17, 126715.37, -34153.35, 60482.03, -52866.86, 130340.95, 4563.22, 0.000, 0.000, 0.000, 14:55:03.527
6, -157958.20, 8703.90, 156878.95, 155929.11, 450.03, -41845.88, -42567.55, 161523.09, -54672.05, -43100.02, 126711.41, -34174.70, 60476.22, -52865.23, 130312.50, 4564.32, 0.000, 0.000, 0.000, 14:55:03.527
7, -158271.11, 8470.86, 156891.89, 155883.52, 440.80, -41836.92, -42556.11, 161528.09, -54672.05, -43100.02, 126711.41, -34174.70, 60476.22, -52865.23, 130312.50, 4564.32, 0.000, 0.000, 0.000, 14:55:03.527
8, -158271.11, 8470.86, 156891.89, 155883.52, 440.80, -41836.92, -42556.11, 161528.09, -54626.97, -43097.65, 126713.09, -34163.12, 60485.29, -52859.06, 130323.98, 4557.95, -0.002, 0.926, -0.216, 14:55:03.527
9, -158028.06, 8651.13, 156878.19, 155912.06, 454.84, -41842.38, -42561.79, 161528.27, -54626.97, -43097.65, 126713.09, -34163.12, 60485.29, -52859.06, 130323.98, 4557.95, 0.000, 0.000, 0.000, 14:55:03.981
10, -158028.06, 8651.13, 156878.19, 155912.06, 454.84, -41842.38, -42561.79, 161528.27, -54649.34, -43115.57, 126693.64, -34176.38, 60477.27, -52880.16, 130328.10, 4571.60, 0.000, 0.000, 0.000, 14:55:03.981
11, -158111.89, 8582.85, 156884.19, 155912.75, 443.86, -41839.52, -42553.00, 161532.16, -54649.34, -43115.57, 126693.64, -34176.38, 60477.27, -52880.16, 130328.10, 4571.60, 0.000, 0.000, 0.000, 14:55:03.982
12, -158111.89, 8582.85, 156884.19, 155912.75, 443.86, -41839.52, -42553.00, 161532.16, -54651.09, -43102.12, 126709.51, -34167.61, 60500.52, -52860.55, 130327.12, 4547.60, 0.000, 0.000, 0.000, 14:55:03.982
13, -158241.52, 8481.82, 156890.53, 155860.72, 460.78, -41834.62, -42546.01, 161528.58, -54651.09, -43102.12, 126709.51, -34167.61, 60500.52, -52860.55, 130327.12, 4547.60, 0.000, 0.000, 0.000, 14:55:03.982
14, -158241.52, 8481.82, 156890.53, 155860.72, 460.78, -41834.62, -42546.01, 161528.58, -54609.11, -43111.37, 126704.84, -34160.89, 60493.54, -52868.54, 130352.40, 4545.29, 0.000, 0.000, 0.000, 14:55:03.982
15, -157965.42, 8684.68, 156884.23, 155910.16, 464.89, -41841.08, -42548.64, 161533.91, -54609.11, -43111.37, 126704.84, -34160.89, 60493.54, -52868.54, 130352.40, 4545.29, 0.000, 0.000, 0.000, 14:55:03.983
16, -157965.42, 8684.68, 156884.23, 155910.16, 464.89, -41841.08, -42548.64, 161533.91, -54661.03, -43116.47, 126697.48, -34178.74, 60493.39, -52866.68, 130337.60, 4564.02, 0.000, 0.000, 0.000, 14:55:03.983
17, -158272.70, 8454.32, 156885.89, 155867.58, 449.09, -41843.29, -42551.57, 161527.00, -54661.03, -43116.47, 126697.48, -34178.74, 60493.39, -52866.68, 130337.60, 4564.02, 0.000, 0.000, 0.000, 14:55:03.983
18, -158272.70, 8454.32, 156885.89, 155867.58, 449.09, -41843.29, -42551.57, 161527.00, -54626.45, -43109.59, 126700.45, -34165.64, 60491.64, -52877.68, 130332.77, 4541.67, -0.002, 0.922, -0.214, 14:55:03.983
19, -158038.88, 8630.30, 156871.44, 155892.61, 445.74, -41847.70, -42561.88, 161520.77, -54626.45, -43109.59, 126700.45, -34165.64, 60491.64, -52877.68, 130332.77, 4541.67, 0.000, 0.000, 0.000, 14:55:03.984
20, -158038.88, 8630.30, 156871.44, 155892.61, 445.74, -41847.70, -42561.88, 161520.77, -54650.30, -43127.20, 126681.70, -34181.70, 60468.93, -52881.14, 130323.14, 4569.72, 0.000, 0.000, 0.000, 14:55:03.984
21, -158107.70, 8575.27, 156865.70, 155903.72, 424.10, -41848.84, -42559.29, 161520.66, -54650.30, -43127.20, 126681.70, -34181.70, 60468.93, -52881.14, 130323.14, 4569.72, 0.000, 0.000, 0.000, 14:55:03.984
22, -158107.70, 8575.27, 156865.70, 155903.72, 424.10, -41848.84, -42559.29, 161520.66, -54655.18, -43116.18, 126694.17, -34175.84, 60478.57, -52873.54, 130300.30, 4543.01, 0.000, 0.000, 0.000, 14:55:03.984
23, -158249.05, 8463.06, 156873.98, 155846.70, 423.92, -41847.25, -42561.63, 161507.00, -54655.18, -43116.18, 126694.17, -34175.84, 60478.57, -52873.54, 130300.30, 4543.01, 0.000, 0.000, 0.000, 14:55:03.984
24, -158249.05, 8463.06, 156873.98, 155846.70, 423.92, -41847.25, -42561.63, 161507.00, -54615.95, -43120.52, 126693.75, -34161.58, 60471.68, -52880.85, 130320.39, 4538.77, 0.000, 0.000, 0.000, 14:55:03.985
25, -157955.77, 8682.27, 156861.25, 155907.38, 419.68, -41850.18, -42572.36, 161519.42, -54615.95, -43120.52, 126693.75, -34161.58, 60471.68, -52880.85, 130320.39, 4538.77, 0.000, 0.000, 0.000, 14:55:03.985
26, -157955.77, 8682.27, 156861.25, 155907.38, 419.68, -41850.18, -42572.36, 161519.42, -54675.76, -43122.48, 126685.48, -34180.22, 60458.16, -52868.69, 130308.03, 4560.85, 0.000, 0.000, 0.000, 14:55:03.985
27, -158245.98, 8469.72, 156877.39, 155883.67, 402.40, -41835.27, -42565.54, 161527.09, -54675.76, -43122.48, 126685.48, -34180.22, 60458.16, -52868.69, 130308.03, 4560.85, 0.000, 0.000, 0.000, 14:55:03.985
28, -158245.98, 8469.72, 156877.39, 155883.67, 402.40, -41835.27, -42565.54, 161527.09, -54634.55, -43120.40, 126693.55, -34169.04, 60459.14, -52879.93, 130320.95, 4546.86, -0.002, 0.924, -0.208, 14:55:03.986
29, -158009.14, 8639.53, 156873.67, 155906.11, 419.63, -41841.64, -42567.00, 161523.83, -54634.55, -43120.40, 126693.55, -34169.04, 60459.14, -52879.93, 130320.95, 4546.86, 0.000, 0.000, 0.000, 14:55:03.986
30, -158009.14, 8639.53, 156873.67, 155906.11, 419.63, -41841.64, -42567.00, 161523.83, -54654.44, -43134.46, 126676.09, -34185.74, 60449.38, -52886.64, 130326.27, 4566.35, 0.000, 0.000, 0.000, 14:55:03.986
31, -158086.66, 8575.07, 156860.41, 155908.69, 400.61, -41851.29, -42570.80, 161526.08, -54654.44, -43134.46, 126676.09, -34185.74, 60449.38, -52886.64, 130326.27, 4566.35, 0.000, 0.000, 0.000, 14:55:03.986
32, -158086.66, 8575.07, 156860.41, 155908.69, 400.61, -41851.29, -42570.80, 161526.08, -54670.44, -43133.14, 126682.48, -34190.86, 60451.63, -52879.22, 130306.04, 4541.56, 0.000, 0.000, 0.000, 14:55:03.986
33, -158209.53, 8481.53, 156864.02, 155872.59, 405.71, -41854.63, -42570.28, 161523.53, -54670.44, -43133.14, 126682.48, -34190.86, 60451.63, -52879.22, 130306.04, 4541.56, 0.000, 0.000, 0.000, 14:55:03.987
34, -158209.53, 8481.53, 156864.02, 155872.59, 405.71, -41854.63, -42570.28, 161523.53, -54636.54, -43134.48, 126678.95, -34186.10, 60446.22, -52888.23, 130316.48, 4542.97, 0.000, 0.000, 0.000, 14:55:03.987
35, -157926.73, 8684.97, 156844.28, 155927.55, 385.39, -41857.69, -42589.93, 161513.97, -54636.54, -43134.48, 126678.95, -34186.10, 60446.22, -52888.23, 130316.48, 4542.97, 0.000, 0.000, 0.000, 14:55:03.987
36, -157926.73, 8684.97, 156844.28, 155927.55, 385.39, -41857.69, -42589.93, 161513.97, -54686.98, -43132.61, 126681.37, -34199.53, 60444.19, -52874.10, 130299.42, 4543.13, 0.000, 0.000, 0.000, 14:55:03.987
37, -158251.80, 8436.53, 156865.52, 155879.73, 381.92, -41844.48, -42580.56, 161511.73, -54686.98, -43132.61, 126681.37, -34199.53, 60444.19, -52874.10, 130299.42, 4543.13, 0.000, 0.000, 0.000, 14:55:03.987
38, -158251.80, 8436.53, 156865.52, 155879.73, 381.92, -41844.48, -42580.56, 161511.73, -54651.82, -43118.05, 126688.92, -34180.15, 60448.55, -52869.70, 130309.93, 4532.64, -0.002, 0.926, -0.210, 14:55:03.988
39, -158019.58, 8605.85, 156861.56, 155909.45, 394.37, -41850.36, -42587.16, 161506.86, -54651.82, -43118.05, 126688.92, -34180.15, 60448.55, -52869.70, 130309.93, 4532.64, 0.000, 0.000, 0.000, 14:55:03.988
40, -158019.58, 8605.85, 156861.56, 155909.45, 394.37, -41850.36, -42587.16, 161506.86, -54661.48, -43118.39, 126685.77, -34183.19, 60449.98, -52868.56, 130317.37, 4556.25, 0.000, 0.000, 0.000, 14:55:03.988
41, -158114.09, 8530.32, 156873.98, 155904.11, 390.89, -41828.98, -42570.66, 161515.06, -54661.48, -43118.39, 126685.77, -34183.19, 60449.98, -52868.56, 130317.37, 4556.25, 0.000, 0.000, 0.000, 14:55:03.989
42, -158114.09, 8530.32, 156873.98, 155904.11, 390.89, -41828.98, -42570.66, 161515.06, -54666.57, -43115.42, 126697.46, -34179.30, 60456.55, -52857.58, 130313.17, 4544.74, 0.000, 0.000, 0.000, 14:55:03.989
43, -158232.58, 8445.23, 156864.33, 155881.27, 392.14, -41842.93, -42565.77, 161514.38, -54666.57, -43115.42, 126697.46, -34179.30, 60456.55, -52857.58, 130313.17, 4544.74, 0.000, 0.000, 0.000, 14:55:03.989
44, -158232.58, 8445.23, 156864.33, 155881.27, 392.14, -41842.93, -42565.77, 161514.38, -54652.05, -43144.25, 126672.23, -34196.78, 60439.27, -52887.87, 130320.45, 4552.80, 0.000, 0.000, 0.000, 14:55:03.989
45, -157951.59, 8650.55, 156854.81, 155934.59, 396.07, -41845.53, -42570.46, 161510.17, -54652.05, -43144.25, 126672.23, -34196.78, 60439.27, -52887.87, 130320.45, 4552.80, 0.000, 0.000, 0.000, 14:55:03.990
46, -157951.59, 8650.55, 156854.81, 155934.59, 396.07, -41845.53, -42570.46, 161510.17, -54698.74, -43143.38, 126678.69, -34208.83, 60457.60, -52877.92, 130309.08, 4558.19, 0.000, 0.000, 0.000, 14:55:03.990
47, -158255.06, 8423.23, 156864.25, 155900.47, 389.35, -41837.86, -42564.20, 161521.80, -54698.74, -43143.38, 126678.69, -34208.83, 60457.60, -52877.92, 130309.08, 4558.19, -0.002, 0.926, -0.206, 14:55:03.990
48, -158255.06, 8423.23, 156864.25, 155900.47, 389.35, -41837.86, -42564.20, 161521.80, -54665.70, -43150.76, 126679.09, -34205.84, 60457.36, -52884.67, 130310.33, 4540.27, 0.000, 0.000, 0.000, 14:55:03.990
49, -158036.47, 8586.36, 156858.45, 155919.06, 402.13, -41848.01, -42578.35, 161509.75, -54665.70, -43150.76, 126679.09, -34205.84, 60457.36, -52884.67, 130310.33, 4540.27, 0.000, 0.000, 0.000, 14:55:03.991
50, -158036.47, 8586.36, 156858.45, 155919.06, 402.13, -41848.01, -42578.35, 161509.75, -54683.03, -43154.94, 126664.45, -34220.74, 60441.37, -52888.18, 130315.29, 4551.06, 0.000, 0.000, 0.000, 14:55:03.991
51, -158117.02, 8525.94, 156857.20, 155916.20, 386.22, -41848.50, -42578.95, 161510.03, -54683.03, -43154.94, 126664.45, -34220.74, 60441.37, -52888.18, 130315.29, 4551.06, 0.000, 0.000, 0.000, 14:55:03.991
52, -158117.02, 8525.94, 156857.20, 155916.20, 386.22, -41848.50, -42578.95, 161510.03, -54699.90, -43138.93, 126675.67, -34218.48, 60460.04, -52872.11, 130299.09, 4519.68, 0.000, 0.000, 0.000, 14:55:03.991
53, -158262.44, 8419.39, 156863.52, 155867.61, 399.00, -41840.07, -42570.86, 161513.31, -54699.90, -43138.93, 126675.67, -34218.48, 60460.04, -52872.11, 130299.09, 4519.68, 0.000, 0.000, 0.000, 14:55:03.992
54, -158262.44, 8419.39, 156863.52, 155867.61, 399.00, -41840.07, -42570.86, 161513.31, -54666.22, -43145.55, 126657.07, -34217.77, 60461.20, -52888.00, 130316.70, 4540.67, 0.000, 0.000, 0.000, 14:55:03.992
55, -157962.52, 8647.87, 156839.48, 155936.72, 385.52, -41861.20, -42592.05, 161513.23, -54666.22, -43145.55, 126657.07, -34217.77, 60461.20, -52888.00, 130316.70, 4540.67, 0.000, 0.000, 0.000, 14:55:03.992
56, -157962.52, 8647.87, 156839.48, 155936.72, 385.52, -41861.20, -42592.05, 161513.23, -54720.71, -43160.03, 126649.16, -34244.70, 60465.22, -52902.60, 130291.87, 4541.18, 0.000, 0.000, 0.000, 14:55:03.992
57, -158283.34, 8415.28, 156836.47, 155890.41, 372.11, -41865.51, -42587.74, 161506.19, -54720.71, -43160.03, 126649.16, -34244.70, 60465.22, -52902.60, 130291.87, 4541.18, -0.004, 0.918, -0.210, 14:55:03.992
58, -158283.34, 8415.28, 156836.47, 155890.41, 372.11, -41865.51, -42587.74, 161506.19, -54693.69, -43162.65, 126643.95, -34243.70, 60462.63, -52902.80, 130284.78, 4515.72, 0.000, 0.000, 0.000, 14:55:03.993
59, -158052.98, 8592.99, 156816.81, 155914.66, 379.58, -41881.13, -42601.86, 161489.38, -54693.69, -43162.65, 126643.95, -34243.70, 60462.63, -52902.80, 130284.78, 4515.72, 0.000, 0.000, 0.000, 14:55:03.993
60, -158052.98, 8592.99, 156816.81, 155914.66, 379.58, -41881.13, -42601.86, 161489.38, -54703.41, -43171.97, 126640.13, -34247.95, 60457.69, -52921.11, 130288.16, 4533.13, 0.000, 0.000, 0.000, 14:55:03.993
61, -158128.28, 8539.64, 156823.44, 155920.25, 358.79, -41869.75, -42597.37, 161498.28, -54703.41, -43171.97, 126640.13, -34247.95, 60457.69, -52921.11, 130288.16, 4533.13, 0.000, 0.000, 0.000, 14:55:03.993
62, -158128.28, 8539.64, 156823.44, 155920.25, 358.79, -41869.75, -42597.37, 161498.28, -54710.88, -43162.91, 126653.02, -34244.08, 60459.01, -52891.78, 130271.17, 4509.96, 0.000, 0.000, 0.000, 14:55:03.993
63, -158258.69, 8444.69, 156830.97, 155882.16, 360.98, -41861.75, -42595.11, 161486.77, -54710.88, -43162.91, 126653.02, -34244.08, 60459.01, -52891.78, 130271.17, 4509.96, 0.000, 0.000, 0.000, 14:55:03.994
64, -158258.69, 8444.69, 156830.97, 155882.16, 360.98, -41861.75, -42595.11, 161486.77, -54672.84, -43156.39, 126657.32, -34226.89, 60457.96, -52898.22, 130286.44, 4505.84, 0.000, 0.000, 0.000, 14:55:03.994
65, -157983.11, 8645.61, 156825.27, 155929.20, 354.77, -41860.46, -42603.34, 161483.86, -54672.84, -43156.39, 126657.32, -34226.89, 60457.96, -52898.22, 130286.44, 4505.84, 0.000, 0.000, 0.000, 14:55:03.994
66, -157983.11, 8645.61, 156825.27, 155929.20, 354.77, -41860.46, -42603.34, 161483.86, -54718.81, -43154.64, 126662.28, -34238.04, 60453.38, -52886.57, 130272.91, 4520.33, 0.000, 0.000, 0.000, 14:55:03.994
67, -158289.61, 8422.07, 156849.00, 155896.73, 350.81, -41853.73, -42592.12, 161497.27, -54718.81, -43154.64, 126662.28, -34238.04, 60453.38, -52886.57, 130272.91, 4520.33, -0.004, 0.926, -0.214, 14:55:03.995
68, -158289.61, 8422.07, 156849.00, 155896.73, 350.81, -41853.73, -42592.12, 161497.27, -54670.73, -43140.72, 126681.26, -34216.25, 60473.80, -52882.59, 130289.32, 4504.70, 0.000, 0.000, 0.000, 14:55:03.995
69, -158061.31, 8597.64, 156846.61, 155922.39, 381.72, -41858.38, -42589.37, 161503.53, -54670.73, -43140.72, 126681.26, -34216.25, 60473.80, -52882.59, 130289.32, 4504.70, 0.000, 0.000, 0.000, 14:55:03.995
70, -158061.31, 8597.64, 156846.61, 155922.39, 381.72, -41858.38, -42589.37, 161503.53, -54689.26, -43156.57, 126659.48, -34236.81, 60454.07, -52898.62, 130297.14, 4540.58, 0.000, 0.000, 0.000, 14:55:03.995
71, -158103.30, 8573.93, 156829.41, 155950.81, 371.51, -41865.26, -42598.87, 161513.86, -54689.26, -43156.57, 126659.48, -34236.81, 60454.07, -52898.62, 130297.14, 4540.58, 0.000, 0.000, 0.000, 14:55:03.995
72, -158103.30, 8573.93, 156829.41, 155950.81, 371.51, -41865.26, -42598.87, 161513.86, -54719.55, -43160.77, 126652.16, -34253.18, 60452.97, -52904.86, 130265.85, 4510.63, 0.000, 0.000, 0.000, 14:55:03.996
73, -158227.03, 8487.69, 156815.72, 155919.86, 383.02, -41881.49, -42607.48, 161508.83, -54719.55, -43160.77, 126652.16, -34253.18, 60452.97, -52904.86, 130265.85, 4510.63, 0.000, 0.000, 0.000, 14:55:03.996
74, -158227.03, 8487.69, 156815.72, 155919.86, 383.02, -41881.49, -42607.48, 161508.83, -54692.50, -43178.85, 126633.96, -34261.36, 60434.04, -52924.48, 130266.84, 4513.49, 0.000, 0.000, 0.000, 14:55:03.996
75, -157918.83, 8718.77, 156798.91, 155989.11, 407.56, -41887.50, -42615.50, 161518.84, -54692.50, -43178.85, 126633.96, -34261.36, 60434.04, -52924.48, 130266.84, 4513.49, 0.000, 0.000, 0.000, 14:55:03.996
76, -157918.83, 8718.77, 156798.91, 155989.11, 407.56, -41887.50, -42615.50, 161518.84, -54735.02, -43177.55, 126634.30, -34283.42, 60446.45, -52920.59, 130236.10, 4504.61, 0.000, 0.000, 0.000, 14:55:03.996
77, -158251.53, 8463.60, 156796.67, 155923.63, 418.02, -41881.45, -42620.15, 161517.52, -54735.02, -43177.55, 126634.30, -34283.42, 60446.45, -52920.59, 130236.10, 4504.61, -0.006, 0.924, -0.214, 14:55:03.997
78, -158251.53, 8463.60, 156796.67, 155923.63, 418.02, -41881.45, -42620.15, 161517.52, -54699.39, -43183.17, 126624.84, -34290.82, 60465.16, -52937.11, 130235.19, 4476.23, 0.000, 0.000, 0.000, 14:55:03.997
79, -158029.94, 8627.66, 156778.11, 155936.42, 448.22, -41896.69, -42629.49, 161513.05, -54699.39, -43183.17, 126624.84, -34290.82, 60465.16, -52937.11, 130235.19, 4476.23, 0.000, 0.000, 0.000, 14:55:03.997
80, -158029.94, 8627.66, 156778.11, 155936.42, 448.22, -41896.69, -42629.49, 161513.05, -54717.27, -43201.85, 126606.87, -34315.13, 60455.25, -52947.53, 130239.85, 4490.60, 0.000, 0.000, 0.000, 14:55:03.997
81, -158081.23, 8589.51, 156766.48, 155948.03, 443.21, -41897.49, -42626.27, 161520.27, -54717.27, -43201.85, 126606.87, -34315.13, 60455.25, -52947.53, 130239.85, 4490.60, 0.000, 0.000, 0.000, 14:55:03.998
82, -158081.23, 8589.51, 156766.48, 155948.03, 443.21, -41897.49, -42626.27, 161520.27, -54719.28, -43195.48, 126600.99, -34335.88, 60468.46, -52930.85, 130218.04, 4477.01, 0.000, 0.000, 0.000, 14:55:03.998
83, -158209.94, 8491.07, 156766.50, 155902.50, 451.53, -41904.56, -42619.61, 161506.17, -54719.28, -43195.48, 126600.99, -34335.88, 60468.46, -52930.85, 130218.04, 4477.01, 0.000, 0.000, 0.000, 14:55:03.998
84, -158209.94, 8491.07, 156766.50, 155902.50, 451.53, -41904.56, -42619.61, 161506.17, -54680.70, -43210.23, 126588.56, -34343.57, 60460.06, -52956.87, 130220.70, 4463.22, 0.000, 0.000, 0.000, 14:55:03.998
85, -157918.83, 8700.48, 156752.05, 155945.09, 440.60, -41912.52, -42632.87, 161499.23, -54680.70, -43210.23, 126588.56, -34343.57, 60460.06, -52956.87, 130220.70, 4463.22, 0.000, 0.000, 0.000, 14:55:03.999
86, -157918.83, 8700.48, 156752.05, 155945.09, 440.60, -41912.52, -42632.87, 161499.23, -54724.91, -43194.54, 126591.45, -34353.20, 60458.67, -52942.59, 130198.13, 4459.66, 0.000, 0.000, 0.000, 14:55:03.999
87, -158238.55, 8458.10, 156753.58, 155886.58, 430.34, -41899.04, -42623.03, 161503.47, -54724.91, -43194.54, 126591.45, -34353.20, 60458.67, -52942.59, 130198.13, 4459.66, -0.002, 0.918, -0.206, 14:55:03.999
88, -158238.55, 8458.10, 156753.58, 155886.58, 430.34, -41899.04, -42623.03, 161503.47, -54699.72, -43202.75, 126577.34, -34352.68, 60437.10, -52957.09, 130196.91, 4454.90, 0.000, 0.000, 0.000, 14:55:03.999
89, -157978.77, 8650.33, 156736.97, 155929.52, 447.41, -41921.75, -42643.42, 161487.02, -54699.72, -43202.75, 126577.34, -34352.68, 60437.10, -52957.09, 130196.91, 4454.90, 0.000, 0.000, 0.000, 14:55:04.000
90, -157978.77, 8650.33, 156736.97, 155929.52, 447.41, -41921.75, -42643.42, 161487.02, -54698.70, -43201.92, 126581.01, -34353.49, 60444.46, -52952.44, 130203.87, 4463.71, 0.000, 0.000, 0.000, 14:55:04.000
91, -158055.30, 8584.25, 156751.42, 155911.61, 439.66, -41905.05, -42632.38, 161484.44, -54698.70, -43201.92, 126581.01, -34353.49, 60444.46, -52952.44, 130203.87, 4463.71, 0.000, 0.000, 0.000, 14:55:04.000
92, -158055.30, 8584.25, 156751.42, 155911.61, 439.66, -41905.05, -42632.38, 161484.44, -54706.61, -43196.20, 126585.32, -34348.59, 60446.71, -52945.80, 130199.73, 4463.67, 0.000, 0.000, 0.000, 14:55:04.000
93, -158163.75, 8505.38, 156756.94, 155888.84, 436.10, -41894.48, -42629.00, 161486.08, -54706.61, -43196.20, 126585.32, -34348.59, 60446.71, -52945.80, 130199.73, 4463.67, 0.000, 0.000, 0.000, 14:55:04.000
94, -158163.75, 8505.38, 156756.94, 155888.84, 436.10, -41894.48, -42629.00, 161486.08, -54668.68, -43198.16, 126582.95, -34339.01, 60443.88, -52937.73, 130219.96, 4479.04, 0.000, 0.000, 0.000, 14:55:04.001
95, -157863.14, 8722.54, 156753.09, 155940.56, 439.32, -41908.11, -42630.99, 161483.39, -54668.68, -43198.16, 126582.95, -34339.01, 60443.88, -52937.73, 130219.96, 4479.04, 0.000, 0.000, 0.000, 14:55:04.001
96, -157863.14, 8722.54, 156753.09, 155940.56, 439.32, -41908.11, -42630.99, 161483.39, -54717.70, -43190.68, 126587.76, -34347.25, 60453.71, -52922.56, 130202.08, 4472.65, 0.000, 0.000, 0.000, 14:55:04.001
97, -158195.11, 8462.06, 156769.16, 155871.42, 428.48, -41891.73, -42615.88, 161485.41, -54717.70, -43190.68, 126587.76, -34347.25, 60453.71, -52922.56, 130202.08, 4472.65, 0.000, 0.920, -0.202, 14:55:04.001
98, -158195.11, 8462.06, 156769.16, 155871.42, 428.48, -41891.73, -42615.88, 161485.41, -54673.53, -43184.44, 126598.31, -34330.49, 60468.39, -52929.42, 130214.60, 4458.82, 0.000, 0.000, 0.000, 14:55:04.002
99, -157964.17, 8630.81, 156759.73, 155893.80, 433.62, -41903.02, -42629.11, 161483.23, -54673.53, -43184.44, 126598.31, -34330.49, 60468.39, -52929.42, 130214.60, 4458.82, 0.000, 0.000, 0.000, 14:55:04.002
100, -157964.17, 8630.81, 156759.73, 155893.80, 433.62, -41903.02, -42629.11, 161483.23, -54692.46, -43203.28, 126581.86, -34348.15, 60453.22, -52945.69, 130222.38, 4487.49, 0.000, 0.000, 0.000, 14:55:04.002
101, -158014.94, 8585.28, 156759.78, 155896.14, 431.41, -41904.82, -42628.73, 161486.50, -54692.46, -43203.28, 126581.86, -34348.15, 60453.22, -52945.69, 130222.38, 4487.49, 0.000, 0.000, 0.000, 14:55:04.002
102, -158014.94, 8585.28, 156759.78, 155896.14, 431.41, -41904.82, -42628.73, 161486.50, -54711.35, -43188.73, 126586.58, -34350.79, 60461.98, -52936.19, 130210.15, 4471.47, 0.000, 0.000, 0.000, 14:55:04.002
103, -158156.64, 8473.55, 156769.98, 155847.16, 453.49, -41908.09, -42619.54, 161491.55, -54711.35, -43188.73, 126586.58, -34350.79, 60461.98, -52936.19, 130210.15, 4471.47, 0.000, 0.000, 0.000, 14:55:04.003
104, -158156.64, 8473.55, 156769.98, 155847.16, 453.49, -41908.09, -42619.54, 161491.55, -54673.62, -43193.96, 126587.00, -34344.91, 60457.96, -52948.66, 130225.62, 4469.57, 0.000, 0.000, 0.000, 14:55:04.003
105, -157863.44, 8686.16, 156754.86, 155887.08, 451.26, -41913.07, -42626.94, 161506.44, -54673.62, -43193.96, 126587.00, -34344.91, 60457.96, -52948.66, 130225.62, 4469.57, 0.000, 0.000, 0.000, 14:55:04.003
106, -157863.44, 8686.16, 156754.86, 155887.08, 451.26, -41913.07, -42626.94, 161506.44, -54723.15, -43201.56, 126580.47, -34366.57, 60456.32, -52942.81, 130217.86, 4484.05, 0.000, 0.000, 0.000, 14:55:04.003
107, -158165.91, 8461.39, 156762.44, 155844.42, 452.33, -41897.16, -42612.53, 161511.59, -54723.15, -43201.56, 126580.47, -34366.57, 60456.32, -52942.81, 130217.86, 4484.05, -0.002, 0.924, -0.212, 14:55:04.004
108, -158165.91, 8461.39, 156762.44, 155844.42, 452.33, -41897.16, -42612.53, 161511.59, -54684.50, -43200.00, 126585.50, -34367.01, 60466.23, -52945.40, 130226.80, 4457.32, 0.000, 0.000, 0.000, 14:55:04.004
109, -157945.59, 8622.52, 156757.81, 155853.41, 476.90, -41908.71, -42618.83, 161502.97, -54684.50, -43200.00, 126585.50, -34367.01, 60466.23, -52945.40, 130226.80, 4457.32, 0.000, 0.000, 0.000, 14:55:04.004
110, -157945.59, 8622.52, 156757.81, 155853.41, 476.90, -41908.71, -42618.83, 161502.97, -54701.31, -43212.11, 126571.53, -34377.83, 60451.99, -52960.00, 130234.70, 4483.47, 0.000, 0.000, 0.000, 14:55:04.004
111, -157977.47, 8598.89, 156758.17, 155868.67, 462.68, -41908.07, -42624.30, 161503.38, -54701.31, -43212.11, 126571.53, -34377.83, 60451.99, -52960.00, 130234.70, 4483.47, 0.000, 0.000, 0.000, 14:55:04.004
112, -157977.47, 8598.89, 156758.17, 155868.67, 462.68, -41908.07, -42624.30, 161503.38, -54705.45, -43196.78, 126586.84, -34370.99, 60452.62, -52946.81, 130220.97, 4469.39, 0.000, 0.000, 0.000, 14:55:04.005
113, -158092.61, 8513.65, 156761.30, 155835.06, 471.98, -41907.95, -42617.69, 161492.47, -54705.45, -43196.78, 126586.84, -34370.99, 60452.62, -52946.81, 130220.97, 4469.39, 0.000, 0.000, 0.000, 14:55:04.005
114, -158092.61, 8513.65, 156761.30, 155835.06, 471.98, -41907.95, -42617.69, 161492.47, -54671.71, -43200.18, 126576.13, -34366.75, 60448.32, -52947.66, 130228.92, 4469.19, 0.000, 0.000, 0.000, 14:55:04.005
115, -157806.16, 8718.50, 156756.16, 155873.14, 475.60, -41914.62, -42619.32, 161491.28, -54671.71, -43200.18, 126576.13, -34366.75, 60448.32, -52947.66, 130228.92, 4469.19, 0.000, 0.000, 0.000, 14:55:04.005
116, -157806.16, 8718.50, 156756.16, 155873.14, 475.60, -41914.62, -42619.32, 161491.28, -54709.43, -43191.04, 126584.65, -34366.25, 60452.44, -52928.93, 130219.63, 4476.05, 0.000, 0.000, 0.000, 14:55:04.006
117, -158109.81, 8488.68, 156763.81, 155829.78, 465.52, -41897.96, -42611.16, 161503.81, -54709.43, -43191.04, 126584.65, -34366.25, 60452.44, -52928.93, 130219.63, 4476.05, -0.008, 0.926, -0.210, 14:55:04.006
118, -158109.81, 8488.68, 156763.81, 155829.78, 465.52, -41897.96, -42611.16, 161503.81, -54682.63, -43194.07, 126577.74, -34369.54, 60449.64, -52940.02, 130218.04, 4470.95, 0.000, 0.000, 0.000, 14:55:04.006
119, -157884.61, 8652.52, 156747.56, 155848.42, 469.50, -41910.82, -42626.23, 161492.23, -54682.63, -43194.07, 126577.74, -34369.54, 60449.64, -52940.02, 130218.04, 4470.95, 0.000, 0.000, 0.000, 14:55:04.006
120, -157884.61, 8652.52, 156747.56, 155848.42, 469.50, -41910.82, -42626.23, 161492.23, -54694.94, -43208.04, 126564.31, -34384.09, 60435.58, -52956.11, 130219.42, 4498.18, 0.000, 0.000, 0.000, 14:55:04.006
121, -157927.20, 8613.85, 156753.69, 155854.73, 452.40, -41909.79, -42621.18, 161491.19, -54694.94, -43208.04, 126564.31, -34384.09, 60435.58, -52956.11, 130219.42, 4498.18, 0.000, 0.000, 0.000, 14:55:04.007
122, -157927.20, 8613.85, 156753.69, 155854.73, 452.40, -41909.79, -42621.18, 161491.19, -54697.18, -43177.49, 126587.13, -34366.34, 60441.82, -52907.94, 130205.26, 4467.87, 0.000, 0.000, 0.000, 14:55:04.007
123, -158096.19, 8477.46, 156769.97, 155783.45, 452.15, -41891.48, -42617.02, 161485.56, -54697.18, -43177.49, 126587.13, -34366.34, 60441.82, -52907.94, 130205.26, 4467.87, 0.000, 0.000, 0.000, 14:55:04.007
124, -158096.19, 8477.46, 156769.97, 155783.45, 452.15, -41891.48, -42617.02, 161485.56, -54661.70, -43198.03, 126573.84, -34368.38, 60431.96, -52928.66, 130225.57, 4481.23, 0.000, 0.000, 0.000, 14:55:04.007
125, -157779.70, 8711.75, 156743.59, 155849.95, 436.82, -41917.45, -42645.09, 161472.86, -54661.70, -43198.03, 126573.84, -34368.38, 60431.96, -52928.66, 130225.57, 4481.23, 0.000, 0.000, 0.000, 14:55:04.008
126, -157779.70, 8711.75, 156743.59, 155849.95, 436.82, -41917.45, -42645.09, 161472.86, -54719.17, -43205.88, 126574.37, -34395.40, 60421.30, -52941.80, 130199.80, 4472.47, 0.000, 0.000, 0.000, 14:55:04.008
127, -158109.55, 8458.12, 156765.27, 155780.70, 426.23, -41911.22, -42621.27, 161475.77, -54719.17, -43205.88, 126574.37, -34395.40, 60421.30, -52941.80, 130199.80, 4472.47, -0.008, 0.924, -0.208, 14:55:04.008
128, -158109.55, 8458.12, 156765.27, 155780.70, 426.23, -41911.22, -42621.27, 161475.77, -54677.46, -43200.89, 126582.40, -34381.03, 60420.85, -52949.25, 130205.37, 4449.07, 0.000, 0.000, 0.000, 14:55:04.008
129, -157866.97, 8637.27, 156744.78, 155813.36, 436.57, -41926.77, -42632.80, 161474.00, -54677.46, -43200.89, 126582.40, -34381.03, 60420.85, -52949.25, 130205.37, 4449.07, 0.000, 0.000, 0.000, 14:55:04.009
130, -157866.97, 8637.27, 156744.78, 155813.36, 436.57, -41926.77, -42632.80, 161474.00, -54697.69, -43207.71, 126569.05, -34394.15, 60406.08, -52942.77, 130212.07, 4477.19, 0.000, 0.000, 0.000, 14:55:04.463
131, -157919.77, 8590.11, 156750.66, 155810.14, 427.10, -41897.43, -42624.42, 161474.78, -54697.69, -43207.71, 126569.05, -34394.15, 60406.08, -52942.77, 130212.07, 4477.19, 0.000, 0.000, 0.000, 14:55:04.463
132, -157919.77, 8590.11, 156750.66, 155810.14, 427.10, -41897.43, -42624.42, 161474.78, -54717.49, -43204.91, 126572.45, -34396.29, 60412.83, -52926.80, 130202.26, 4462.21, 0.000, 0.000, 0.000, 14:55:04.463
133, -158054.16, 8486.89, 156747.77, 155767.98, 434.43, -41909.09, -42626.74, 161469.63, -54717.49, -43204.91, 126572.45, -34396.29, 60412.83, -52926.80, 130202.26, 4462.21, 0.000, 0.000, 0.000, 14:55:04.463
134, -158054.16, 8486.89, 156747.77, 155767.98, 434.43, -41909.09, -42626.74, 161469.63, -54685.84, -43220.72, 126555.80, -34400.56, 60410.26, -52951.77, 130215.96, 4464.81, 0.000, 0.000, 0.000, 14:55:04.464
135, -157747.98, 8713.11, 156735.36, 155827.22, 431.10, -41928.99, -42635.79, 161466.30, -54685.84, -43220.72, 126555.80, -34400.56, 60410.26, -52951.77, 130215.96, 4464.81, 0.000, 0.000, 0.000, 14:55:04.464
136, -157747.98, 8713.11, 156735.36, 155827.22, 431.10, -41928.99, -42635.79, 161466.30, -54739.84, -43231.67, 126549.05, -34422.60, 60413.01, -52956.33, 130203.91, 4469.34, -0.004, 0.920, -0.206, 14:55:04.464
137, -158051.92, 8480.52, 156751.75, 155785.47, 418.09, -41921.05, -42624.73, 161468.95, -54739.84, -43231.67, 126549.05, -34422.60, 60413.01, -52956.33, 130203.91, 4469.34, 0.000, 0.000, 0.000, 14:55:04.464
138, -158051.92, 8480.52, 156751.75, 155785.47, 418.09, -41921.05, -42624.73, 161468.95, -54698.45, -43222.08, 126561.12, -34405.66, 60422.13, -52951.73, 130216.70, 4449.32, 0.000, 0.000, 0.000, 14:55:04.465
139, -157825.42, 8643.08, 156747.59, 155809.44, 439.35, -41917.75, -42626.27, 161473.02, -54698.45, -43222.08, 126561.12, -34405.66, 60422.13, -52951.73, 130216.70, 4449.32, 0.000, 0.000, 0.000, 14:55:04.465
140, -157825.42, 8643.08, 156747.59, 155809.44, 439.35, -41917.75, -42626.27, 161473.02, -54709.89, -43228.21, 126555.05, -34409.32, 60412.88, -52953.61, 130218.51, 4473.10, 0.000, 0.000, 0.000, 14:55:04.465
141, -157868.11, 8604.33, 156738.86, 155820.91, 420.21, -41914.97, -42630.23, 161467.36, -54709.89, -43228.21, 126555.05, -34409.32, 60412.88, -52953.61, 130218.51, 4473.10, 0.000, 0.000, 0.000, 14:55:04.465
142, -157868.11, 8604.33, 156738.86, 155820.91, 420.21, -41914.97, -42630.23, 161467.36, -54726.68, -43223.49, 126564.02, -34410.46, 60411.53, -52944.48, 130191.24, 4444.87, 0.000, 0.000, 0.000, 14:55:04.465
143, -158029.20, 8478.84, 156755.30, 155764.41, 427.41, -41907.42, -42627.34, 161459.03, -54726.68, -43223.49, 126564.02, -34410.46, 60411.53, -52944.48, 130191.24, 4444.87, 0.000, 0.000, 0.000, 14:55:04.466
144, -158029.20, 8478.84, 156755.30, 155764.41, 427.41, -41907.42, -42627.34, 161459.03, -54681.51, -43234.98, 126563.02, -34405.19, 60406.82, -52949.83, 130212.07, 4454.14, 0.000, 0.000, 0.000, 14:55:04.466
145, -157712.98, 8713.45, 156738.92, 155835.50, 421.98, -41919.31, -42644.64, 161465.95, -54681.51, -43234.98, 126563.02, -34405.19, 60406.82, -52949.83, 130212.07, 4454.14, 0.000, 0.000, 0.000, 14:55:04.466
146, -157712.98, 8713.45, 156738.92, 155835.50, 421.98, -41919.31, -42644.64, 161465.95, -54731.57, -43228.25, 126566.68, -34416.81, 60414.77, -52948.91, 130191.22, 4464.78, 0.000, 0.918, -0.212, 14:55:04.466
147, -158027.97, 8474.60, 156752.98, 155783.06, 412.99, -41909.86, -42632.60, 161468.75, -54731.57, -43228.25, 126566.68, -34416.81, 60414.77, -52948.91, 130191.22, 4464.78, 0.000, 0.000, 0.000, 14:55:04.467
148, -158027.97, 8474.60, 156752.98, 155783.06, 412.99, -41909.86, -42632.60, 161468.75, -54693.51, -43220.32, 126567.02, -34401.90, 60420.85, -52958.72, 130195.66, 4453.07, 0.000, 0.000, 0.000, 14:55:04.467
149, -157812.67, 8631.37, 156740.50, 155798.19, 423.79, -41909.70, -42643.13, 161473.80, -54693.51, -43220.32, 126567.02, -34401.90, 60420.85, -52958.72, 130195.66, 4453.07, 0.000, 0.000, 0.000, 14:55:04.467
150, -157812.67, 8631.37, 156740.50, 155798.19, 423.79, -41909.70, -42643.13, 161473.80, -54711.17, -43236.01, 126548.71, -34414.64, 60387.77, -52950.81, 130198.77, 4489.57, 0.000, 0.000, 0.000, 14:55:04.467
151, -157834.30, 8610.32, 156731.67, 155821.11, 395.98, -41909.86, -42648.71, 161478.23, -54711.17, -43236.01, 126548.71, -34414.64, 60387.77, -52950.81, 130198.77, 4489.57, 0.000, 0.000, 0.000, 14:55:04.468
152, -157834.30, 8610.32, 156731.67, 155821.11, 395.98, -41909.86, -42648.71, 161478.23, -54722.52, -43217.66, 126565.50, -34413.46, 60405.77, -52938.70, 130175.52, 4462.26, 0.000, 0.000, 0.000, 14:55:04.468
153, -157976.67, 8496.01, 156737.56, 155774.70, 400.65, -41924.09, -42645.61, 161470.77, -54722.52, -43217.66, 126565.50, -34413.46, 60405.77, -52938.70, 130175.52, 4462.26, 0.000, 0.000, 0.000, 14:55:04.468
154, -157976.67, 8496.01, 156737.56, 155774.70, 400.65, -41924.09, -42645.61, 161470.77, -54686.22, -43227.49, 126560.00, -34413.48, 60403.40, -52961.03, 130195.80, 4461.21, 0.000, 0.000, 0.000, 14:55:04.468
155, -157672.19, 8714.34, 156741.06, 155828.22, 422.22, -41934.87, -42646.95, 161467.39, -54686.22, -43227.49, 126560.00, -34413.48, 60403.40, -52961.03, 130195.80, 4461.21, 0.000, 0.000, 0.000, 14:55:04.468
156, -157672.19, 8714.34, 156741.06, 155828.22, 422.22, -41934.87, -42646.95, 161467.39, -54725.79, -43213.90, 126568.00, -34412.77, 60422.26, -52951.95, 130193.84, 4455.84, -0.002, 0.922, -0.220, 14:55:04.469
157, -158006.78, 8454.06, 156757.38, 155765.61, 418.04, -41927.31, -42633.49, 161460.25, -54725.79, -43213.90, 126568.00, -34412.77, 60422.26, -52951.95, 130193.84, 4455.84, 0.000, 0.000, 0.000, 14:55:04.469
158, -158006.78, 8454.06, 156757.38, 155765.61, 418.04, -41927.31, -42633.49, 161460.25, -54698.52, -43210.05, 126573.56, -34401.82, 60416.34, -52958.81, 130195.38, 4429.53, 0.000, 0.000, 0.000, 14:55:04.469
159, -157799.78, 8603.83, 156738.42, 155782.38, 420.73, -41936.74, -42650.05, 161449.63, -54698.52, -43210.05, 126573.56, -34401.82, 60416.34, -52958.81, 130195.38, 4429.53, 0.000, 0.000, 0.000, 14:55:04.469
160, -157799.78, 8603.83, 156738.42, 155782.38, 420.73, -41936.74, -42650.05, 161449.63, -54719.46, -43232.34, 126553.47, -34423.41, 60390.48, -52973.54, 130193.61, 4457.79, 0.000, 0.000, 0.000, 14:55:04.470
161, -157814.69, 8591.90, 156740.11, 155819.39, 410.04, -41931.54, -42645.99, 161456.28, -54719.46, -43232.34, 126553.47, -34423.41, 60390.48, -52973.54, 130193.61, 4457.79, 0.000, 0.000, 0.000, 14:55:04.470
162, -157814.69, 8591.90, 156740.11, 155819.39, 410.04, -41931.54, -42645.99, 161456.28, -54730.57, -43211.04, 126570.50, -34417.37, 60401.79, -52945.71, 130180.09, 4441.38, 0.000, 0.000, 0.000, 14:55:04.470
163, -157954.55, 8482.26, 156747.44, 155782.80, 430.56, -41916.58, -42642.90, 161454.4