28.72, -21.82, -27.05, -19.87, -18.80, -25.35, -23.56, -20.32, -21.64, -19.60, -22.75, -23.58, -31.14, -23.54, -24.74, -19.94, 0.000, 0.000, 0.000, 15:37:22.741
151, -28.92, -21.86, -26.98, -20.05, -18.98, -25.37, -23.87, -20.41, -21.64, -19.60, -22.75, -23.58, -31.14, -23.54, -24.74, -19.94, 0.000, 0.000, 0.000, 15:37:22.741
152, -28.92, -21.86, -26.98, -20.05, -18.98, -25.37, -23.87, -20.41, -21.21, -19.62, -22.73, -23.47, -31.05, -23.58, -24.56, -19.92, 0.000, 0.000, 0.000, 15:37:22.742
153, -28.95, -21.90, -27.05, -19.96, -19.16, -25.24, -23.76, -20.45, -21.21, -19.62, -22.73, -23.47, -31.05, -23.58, -24.56, -19.92, -0.038, 0.926, -0.382, 15:37:22.742
154, -28.95, -21.90, -27.05, -19.96, -19.16, -25.24, -23.76, -20.45, -21.28, -19.69, -22.80, -23.42, -30.93, -23.49, -24.61, -19.92, 0.000, 0.000, 0.000, 15:37:22.742
155, -28.70, -21.82, -27.07, -20.05, -18.98, -25.35, -23.92, -20.52, -21.28, -19.69, -22.80, -23.42, -30.93, -23.49, -24.61, -19.92, 0.000, 0.000, 0.000, 15:37:22.742
156, -28.70, -21.82, -27.07, -20.05, -18.98, -25.35, -23.92, -20.52, -21.41, -19.62, -22.66, -23.04, -30.85, -23.47, -24.48, -19.76, 0.000, 0.000, 0.000, 15:37:22.743
157, -28.77, -21.84, -26.87, -20.09, -19.09, -25.46, -23.78, -20.63, -21.41, -19.62, -22.66, -23.04, -30.85, -23.47, -24.48, -19.76, 0.000, 0.000, 0.000, 15:37:22.743
158, -28.77, -21.84, -26.87, -20.09, -19.09, -25.46, -23.78, -20.63, -21.17, -19.74, -22.58, -23.51, -30.87, -23.49, -24.30, -19.83, 0.000, 0.000, 0.000, 15:37:22.743
159, -28.88, -21.97, -27.00, -19.89, -18.91, -25.50, -23.69, -20.16, -21.17, -19.74, -22.58, -23.51, -30.87, -23.49, -24.30, -19.83, 0.000, 0.000, 0.000, 15:37:22.743
160, -28.88, -21.97, -27.00, -19.89, -18.91, -25.50, -23.69, -20.16, -21.41, -19.89, -22.73, -23.13, -30.96, -23.60, -24.56, -19.92, 0.000, 0.000, 0.000, 15:37:22.743
161, -29.01, -21.82, -26.82, -19.92, -18.73, -25.44, -23.60, -20.36, -21.41, -19.89, -22.73, -23.13, -30.96, -23.60, -24.56, -19.9